[background.jpg]
moddate=0000b85e51d40000
width=720
height=1280
text=1;148;13;travel&#010;trails;Charter Bold Italic;0.287369,0.089362,0.092760,6.283185;v1,4293502232,4293502232,128.000000,1.000000,0.250000,1.000000,400,2,49152;;
textactive=1
